4294967294,0
4294967279,19
4294967279,16
4294967279,14
4294967279,13
4294967279,11
4294967279,10
4294967279,414
4294967278,260
4294967294,148
4294967294,147
4294967294,145
4294967294,144
4294967294,139
4294967294,1085
4294967294,1062
4294967294,1060
4294967294,1059
4294967294,1058
4294967294,1057
4294967294,60
4294967294,417
4294967294,51
4294967294,82
4294967278,314
4294967278,207
4294967278,206
4294967278,205
4294967278,204
4294967278,203
4294967278,202
4294967278,201
4294967278,200
4294967278,199
4294967278,198
4294967278,197
4294967278,196
4294967278,195
4294967278,194
4294967278,193
4294967278,192
4294967278,191
4294967278,190
4294967278,189
4294967278,306
4294967278,187
4294967294,50
4294967294,83
4294967294,1083
4294967278,186
4294967294,7
4294967294,156
4294967294,81
4294967294,1419
4294967278,132
4294967278,131
4294967278,130
4294967278,129
4294967278,128
4294967278,127
4294967278,126
4294967278,125
4294967278,124
4294967278,123
4294967278,122
4294967278,121
4294967278,120
4294967278,119
4294967278,118
4294967278,117
4294967278,116
4294967278,115
4294967278,114
4294967278,113
4294967278,112
4294967278,111
4294967278,110
4294967278,109
4294967278,108
4294967278,107
4294967278,106
4294967278,105
4294967278,104
4294967278,103
4294967278,102
4294967278,101
4294967278,100
4294967278,99
4294967278,98
4294967278,97
4294967278,96
4294967278,95
4294967278,94
4294967278,93
4294967278,92
4294967278,91
4294967278,90
4294967278,89
4294967278,87
4294967278,86
4294967278,85
4294967278,84
4294967278,83
4294967278,82
4294967278,81
4294967278,80
4294967278,79
4294967278,78
4294967278,77
4294967278,76
4294967278,75
4294967278,74
4294967278,73
4294967278,72
4294967278,71
4294967278,70
4294967278,68
4294967278,67
4294967278,300
4294967278,66
4294967278,65
4294967278,64
4294967278,63
4294967278,62
4294967278,61
4294967278,60
4294967278,59
4294967278,58
4294967278,57
4294967278,56
4294967278,55
4294967278,297
4294967278,54
4294967278,53
4294967278,52
4294967278,0
4294967279,56
4294967279,54
4294967279,51
4294967279,48
4294967279,44
4294967279,42
4294967279,295
4294967279,38
4294967279,35
4294967279,31
4294967279,30
4294967279,29
4294967279,26
4294967279,25
4294967279,276
4294967279,18
4294967279,17
4294967279,282
4294967279,15
4294967279,268
4294967279,12
4294967279,286
4294967279,9
4294967279,174
4294967279,260
4294967279,285
4294967279,8
4294967279,7
4294967279,261
4294967279,6
4294967279,275
4294967279,5
4294967279,281
4294967279,4
4294967278,185
4294967294,426
4294967294,30
4294967294,164
4294967294,163
4294967294,1
4294967294,46
4294967294,388
4294967294,165
4294967294,177
4294967278,184
4294967294,1421
4294967294,180
4294967294,176
4294967294,477
4294967294,12
4294967294,27
4294967294,11
4294967294,160
4294967294,168
4294967294,93
4294967294,95
4294967278,183
4294967294,92
4294967294,88
4294967294,104
4294967294,166
4294967294,24
4294967294,384
4294967294,1418
4294967294,22
4294967294,17
4294967294,67
4294967294,99
4294967294,76
4294967294,43
4294967294,52
4294967294,451
4294967294,25
4294967294,26
4294967294,1163
4294967294,68
0,5
4294967279,413
4294967279,412
4294967279,0
4294967278,69
4294967278,301
4294967294,6
4294967294,5
4294967279,411
4294967278,343
4294967279,410
4294967278,342
4294967279,409
4294967278,341
4294967279,408
25,5
25,4
25,3
25,2
25,1
23,4
23,3
23,2
23,1
4294967279,407
4294967278,340
4294967279,406
4294967279,405
22,6
4294967279,404
4294967278,339
4294967278,338
22,5
22,4
22,3
22,2
22,1
4294967279,403
4294967294,476
4294967294,1423
4294967278,337
4294967279,402
21,5
21,4
21,3
21,2
21,1
4294967294,430
4294967279,401
4294967279,400
4294967278,336
4294967279,399
4294967278,335
20,5
20,4
20,3
20,2
20,1
4294967294,475
19,4
19,3
19,2
19,1
4294967294,1166
4294967278,334
4294967279,398
18,4
18,3
18,2
18,1
4294967279,397
4294967278,333
4294967279,307
4294967279,396
4294967278,332
4294967279,395
4294967279,394
4294967278,331
4294967294,474
4294967278,330
4294967293,131
4294967293,130
4294967293,129
4294967293,128
4294967293,127
4294967293,126
4294967293,125
4294967293,124
4294967293,123
4294967293,122
4294967293,121
4294967293,120
4294967293,119
4294967293,118
4294967293,117
